image_height: 720
image_width: 960

distortion_model: "plumb_bob"
distortion_coefficients:
  [
    -0.0699817593277033,
    -0.030309812668930222,
    -0.007853051329708314,
    -0.0016747628740195724,
  ]
camera_matrix:
  [
    742.1992742855476,
    0.0,
    454.12133045383564,
    0.0,
    742.7592370453168,
    312.0483639069177,
    0.0,
    0.0,
    1.0,
  ]
projection_matrix:
  [
    742.1992742855476,
    0.0,
    454.12133045383564,
    0.0,
    0.0,
    742.7592370453168,
    312.0483639069177,
    0.0,
    0.0,
    0.0,
    1.0,
    0.0,
  ]
